69
69
91
69
71
69
69
71
71
69
100
69
69
138
69
71
69
69
71
69
69
69
73
72
70
77
74
69
69
69
69
69
72
69
69
69
69
69
69
71
70
69
69
69
72
70
69
76
69
69
69
69
69
69
69
69
69
69
70
69
71
69
69
69
69
69
69
71
69
100
70
69
70
69
70
70
69
69
70
69
69
69
69
76
69
70
69
71
70
70
70
69
69
71
69
69
71
69
69
69
69
70
69
81
69
69
69
70
69
69
74
69
69
70
69
69
69
69
69
69
69
69
71
69
69
69
70
69
74
69
69
69
69
69
69
69
69
69
69
69
69
69
69
69
69
69
71
69
69
70
69
69
71
69
69
69
69
69
69
71
70
70
69
69
69
70
69
69
69
69
69
69
73
69
70
69
69
71
69
70
69
69
69
69
69
69
69
70
72
69
69
70
69
69
69
69
70
69
69
69
69
70
69
79
69
69
69
69
69
69
69
69
69
69
69
69
69
69
69
69
70
69
69
69
69
69
69
69
69
69
69
69
69
69
69
69
69
69
72
87
69
69
69
69
69
72
69
70
69
69
71
70
69
149
69
78
69
69
69
69
72
71
69
74
71
69
69
69
71
69
69
70
69
69
71
76
70
70
69
70
69
69
69
69
69
69
69
69
75
69
69
69
69
69
69
69
69
69
69
71
91
69
69
69
69
69
69
69
69
71
70
69
69
69
69
69
69
69
136
69
69
69
70
80
69
69
69
71
70
69
69
69
69
69
70
73
69
69
69
69
69
69
69
69
69
69
72
69
69
69
69
69
69
69
71
69
69
69
69
69
69
69
69
69
70
71
69
69
69
69
69
69
84
69
70
69
75
69
71
69
71
69
69
70
69
69
69
69
70
69
69
69
69
69
71
69
69
69
69
70
69
72
69
69
75
69
69
69
70
69
69
69
69
70
69
69
69
69
71
70
69
69
69
69
69
69
69
71
69
69
69
69
69
69
69
79
69
69
70
70
70
69
69
72
69
69
69
69
70
72
69
70
69
69
69
69
69
69
69
73
69
69
69
69
69
69
69
69
69
69
69
72
83
71
69
69
69
70
69
69
71
69
70
70
69
69
69
69
69
69
69
69
69
71
69
69
69
69
69
69
69
69
71
69
69
73
69
69
69
69
69
69
69
69
69
69
69
70
69
70
69
69
74
69
69
69
69
69
69
69
69
69
75
76
70
69
69
69
76
69
69
69
69
72
69
69
71
70
68
69
69
69
78
69
69
69
69
69
69
72
72
69
69
69
69
70
69
69
69
69
69
69
69
69
70
72
69
69
69
69
69
69
69
71
69
69
69
69
69
69
69
72
70
69
72
69
70
69
77
77
70
70
69
69
69
69
69
69
69
69
69
69
69
69
69
69
70
69
69
69
69
70
69
69
70
73
69
69
71
70
71
69
69
69
69
69
69
77
69
69
69
69
69
70
69
69
69
71
69
69
70
70
70
70
69
69
70
69
69
69
69
70
69
69
69
69
69
69
69
70
69
69
70
69
69
69
85
69
69
69
69
69
69
70
69
69
69
70
69
69
69
69
69
71
69
69
70
69
69
69
69
69
69
70
69
73
74
69
73
69
69
70
69
69
71
73
69
70
71
69
70
69
69
69
69
69
69
69
69
71
70
69
72
70
69
96
69
74
70
69
100
71
69
70
69
69
76
69
72
83
69
73
69
69
69
69
69
69
69
69
69
69
76
70
69
69
69
69
69
69
69
69
69
69
69
69
71
70
69
71
69
69
69
72
69
74
69
69
69
69
69
69
70
70
69
70
69
69
69
69
71
69
69
71
70
69
69
69
72
69
69
69
69
70
69
69
69
75
70
69
69
70
69
70
71
69
74
69
69
69
69
70
70
70
69
69
69
69
69
69
69
69
69
69
69
71
69
69
69
70
69
69
69
69
69
69
70
70
75
71
70
69
71
69
69
77
69
69
69
71
69
70
68
69
69
109
80
78
69
79
78
71
69
69
79
69
78
69
69
72
69
70
71
70
69
69
69
69
69
68
109
134
119
129
108
129
112
94
119
93
114
145
105
125
142
128
94
140
124
102
133
97
145
135
126
104
94
103
109
106
133
144
90
140
117
126
143
106
107
121
123
110
91
126
100
138
126
106
97
137
149
149
121
128
124
107
115
144
113
149
90
95
127
101
134
119
148
93
120
106
113
140
136
135
127
114
106
95
98
135
104
132
149
146
125
149
141
94
143
137
140
118
129
133
128
109
125
125
143
105